1083
94 53
94 52
94 51
94 44
94 43
94 42
94 39
94 37
94 33
94 32
94 31
94 30
94 26
94 24
97 25
101 23
102 23
103 23
103 18
101 14
97 11
97 7
103 5
94 15
94 16
94 17
87 18
87 20
87 21
84 25
84 27
84 30
81 31
80 29
79 29
79 24
80 24
74 25
74 27
74 30
71 29
71 25
71 21
71 20
71 19
71 18
71 14
71 13
71 12
74 10
71 6
80 8
86 6
87 14
80 13
61 25
61 27
57 29
56 29
55 29
56 24
57 24
57 19
56 19
55 19
51 21
48 22
48 20
48 25
51 25
51 27
51 31
48 32
48 30
48 35
48 37
48 38
48 39
51 35
55 36
57 40
57 45
56 45
62 46
61 53
57 54
57 52
56 52
51 53
48 52
48 46
41 47
40 41
38 40
40 29
38 28
40 18
38 15
38 11
38 9
38 6
34 5
34 8
32 14
28 11
28 9
28 6
25 15
25 16
25 18
25 21
25 25
25 29
25 32
25 39
25 41
25 44
18 38
17 32
15 30
17 20
15 11
15 8
12 5
9 10
5 8
2 11
2 12
0 9
0 3
0 15
2 18
3 19
2 20
2 22
0 21
0 27
2 29
3 30
2 32
0 33
2 35
0 39
0 45
2 46
3 47
2 49
0 51
2 52
0 56
0 57
2 62
3 63
2 65
0 67
0 69
2 69
2 68
2 71
2 74
0 75
2 77
2 78
2 80
3 81
2 83
2 85
0 87
2 88
0 93
2 94
2 97
0 99
2 104
2 106
0 105
2 109
0 111
5 113
5 107
10 106
11 106
9 103
15 105
15 107
17 109
11 111
25 106
25 104
25 101
28 105
28 107
28 111
31 118
32 118
33 118
34 118
35 118
36 118
37 118
38 118
38 111
38 107
38 105
34 104
33 104
33 106
34 106
35 108
32 101
41 101
38 93
40 86
38 81
38 74
40 69
41 67
38 65
38 63
34 62
33 62
33 64
34 64
33 66
28 65
28 63
25 62
25 64
25 67
25 69
25 70
25 73
25 76
25 77
25 80
25 86
25 87
25 89
25 92
17 94
18 98
15 89
18 86
15 82
17 77
17 71
15 68
15 66
15 64
11 65
10 65
11 67
5 66
0 63
0 81
18 55
17 49
15 47
25 56
26 57
25 58
34 56
38 57
40 58
48 57
51 58
51 60
48 59
48 62
48 63
48 65
48 68
48 71
48 72
48 74
49 75
48 77
48 79
48 82
48 88
48 91
48 98
48 100
51 101
51 105
48 104
48 107
51 108
51 112
56 107
57 107
58 109
61 108
61 105
61 101
61 99
57 100
56 100
55 97
56 104
57 104
61 112
71 107
74 108
74 112
75 118
76 118
77 118
78 118
79 118
80 118
81 118
84 112
84 108
81 109
80 107
79 107
80 102
78 98
78 95
71 95
71 99
71 100
71 101
71 86
71 83
71 81
71 80
71 74
71 71
71 70
71 67
71 64
71 63
71 61
79 60
80 51
79 51
85 52
85 45
80 44
79 44
79 36
80 36
84 34
85 37
74 34
71 37
71 45
71 52
84 75
86 80
84 87
87 95
94 97
94 98
94 99
94 102
97 102
102 101
103 101
103 104
107 102
110 98
109 97
107 92
107 90
107 86
107 84
107 82
107 80
107 76
107 72
107 69
103 68
102 68
102 71
103 71
104 73
102 79
103 79
103 81
102 81
102 83
103 83
103 85
102 85
102 89
103 89
97 90
97 92
94 92
94 90
94 85
94 83
94 81
94 79
97 80
97 82
97 84
97 86
97 76
97 72
97 69
94 68
94 71
84 68
86 63
87 61
94 60
102 59
103 59
103 54
101 50
103 45
101 41
101 36
102 36
103 36
97 38
110 32
110 33
110 30
120 33
123 35
124 35
125 35
126 36
126 42
125 42
120 41
117 43
117 50
117 52
117 54
117 56
117 58
117 60
120 59
120 55
120 51
124 49
125 49
126 49
131 43
133 40
133 39
133 35
133 33
133 31
133 30
133 27
133 25
133 23
133 19
133 17
133 15
130 11
127 13
126 13
125 13
124 13
123 13
120 11
120 7
126 5
127 8
124 19
125 19
126 20
123 19
120 17
120 25
123 27
124 27
125 27
126 28
140 29
143 30
143 27
147 28
148 28
149 28
153 27
150 24
149 20
156 18
156 17
156 15
156 14
163 14
163 15
163 16
163 18
166 25
163 27
163 28
163 29
163 30
163 31
163 33
163 38
163 39
163 40
163 41
163 42
163 44
163 49
163 51
163 54
163 55
163 56
163 60
163 61
163 62
163 63
163 67
163 68
163 69
163 76
163 77
163 78
166 86
163 90
163 97
163 99
163 101
166 101
166 99
166 97
171 96
172 96
176 97
176 99
176 101
176 103
176 105
176 107
178 110
186 110
186 108
186 103
189 103
189 99
186 98
186 100
186 96
186 94
186 92
186 90
189 91
193 89
194 89
195 89
194 82
195 82
195 78
200 83
202 76
202 75
202 73
202 72
202 65
202 64
202 62
202 61
201 58
195 52
193 48
189 47
189 45
189 43
189 41
189 38
189 36
189 34
189 32
189 30
186 30
186 32
186 34
186 36
186 38
186 41
186 43
186 45
186 49
186 50
186 51
186 57
186 58
186 61
186 62
186 63
186 64
186 65
186 67
186 72
186 73
186 74
186 75
186 76
186 78
186 83
177 90
172 89
171 89
172 84
172 79
170 75
172 70
170 66
179 63
179 62
179 60
179 56
178 51
178 49
179 42
179 41
179 39
179 38
179 31
179 30
179 28
179 27
176 25
173 22
172 18
179 16
179 15
179 13
179 12
178 9
176 6
172 5
166 6
163 9
163 12
163 13
149 5
140 9
140 11
140 14
140 15
140 16
140 17
140 18
140 20
143 34
140 35
140 33
140 31
140 38
140 39
140 40
140 44
143 44
143 48
140 48
140 51
140 52
140 53
140 60
140 61
140 62
140 63
140 67
140 68
140 69
140 76
140 77
140 78
133 79
133 80
133 82
133 84
133 88
133 90
133 92
131 96
126 95
125 95
126 93
125 92
124 92
123 92
120 90
117 96
117 103
117 105
120 108
117 111
123 118
125 118
126 118
132 111
130 108
132 105
132 103
126 107
140 106
140 107
143 111
149 109
155 107
163 105
163 107
163 110
166 107
166 105
166 103
171 104
172 104
189 95
195 104
209 101
217 100
218 100
218 109
222 110
222 112
222 118
221 118
220 118
219 118
218 118
217 118
216 118
212 112
212 110
231 108
231 110
234 103
234 101
234 99
231 99
231 101
239 98
240 98
244 99
244 101
244 103
240 104
251 107
251 97
251 87
246 87
246 85
240 89
239 89
231 90
231 87
231 85
231 78
231 71
231 70
231 69
231 65
231 64
231 61
231 60
231 58
231 57
231 55
231 54
231 51
231 49
231 47
234 47
234 49
234 51
234 53
239 46
240 46
240 42
244 41
244 39
244 37
244 35
244 32
244 30
244 28
244 26
240 25
239 25
234 24
234 26
234 28
234 30
234 32
234 35
234 37
234 39
234 41
234 44
231 39
231 35
231 32
231 30
231 28
231 26
231 24
231 21
231 19
231 17
231 15
234 16
234 20
238 14
239 14
240 14
240 9
244 10
244 8
241 5
234 8
234 10
222 11
222 14
222 16
222 18
218 20
217 20
216 20
212 18
212 16
212 14
212 11
212 7
218 5
219 8
218 13
217 13
209 14
209 16
209 18
209 21
209 23
209 26
209 28
209 30
212 30
212 28
212 26
217 25
218 25
222 26
222 28
222 30
222 33
222 35
222 38
222 40
222 42
223 45
218 44
217 44
212 42
212 40
212 38
212 35
212 33
209 33
209 35
209 38
209 40
209 42
209 45
209 52
209 54
209 56
212 56
212 58
212 60
212 62
209 64
209 60
212 54
212 52
217 51
218 51
222 52
222 54
222 56
222 58
222 60
222 62
223 64
218 63
217 63
217 59
218 59
216 70
218 74
217 79
218 79
222 80
222 82
222 84
222 86
224 89
218 91
217 91
209 92
209 89
209 86
209 84
209 82
209 80
212 80
212 82
212 84
212 86
195 67
209 71
209 72
209 73
238 68
240 72
240 77
239 77
245 78
251 77
251 67
251 63
251 61
251 59
251 58
251 57
251 56
246 55
246 58
246 61
246 64
246 65
244 53
244 51
244 49
244 47
251 47
251 37
251 27
240 34
239 34
240 38
239 38
218 32
217 32
217 37
218 37
199 41
199 43
199 45
199 47
195 40
194 40
199 38
199 36
199 34
199 32
195 31
194 31
189 26
186 27
186 25
186 23
186 21
186 19
186 16
186 14
189 15
189 11
189 9
189 6
195 5
195 8
199 9
199 11
195 13
194 13
193 13
193 20
194 20
195 20
189 19
189 22
199 6
212 22
172 55
172 44
172 33
156 40
153 44
149 43
148 43
149 39
153 48
149 47
148 47
147 50
149 54
156 60
156 62
156 63
147 66
149 70
147 75
149 79
150 84
153 87
149 89
148 89
147 89
143 87
143 91
140 90
140 92
140 94
140 96
140 98
140 100
140 102
140 104
143 103
143 99
143 95
126 85
125 84
124 84
123 84
120 82
123 76
124 76
125 76
126 77
120 74
123 68
124 68
125 68
126 69
120 66
123 62
124 62
125 62
126 62
127 62
133 63
133 64
133 66
133 68
133 71
133 72
133 74
133 76
94 110
94 108
73 118
72 118
74 118
63 88
64 92
61 83
64 80
61 76
63 71
63 65
61 62
61 60
61 58
57 57
56 57
56 59
57 59
57 61
51 56
57 14
55 10
51 7
48 11
48 12
48 13
57 5
